15
1
2
2
1
0.00842929
0.999964
-0.126692
-0.166165
0.548
1.582
3
225
225
0.104647
0.00358927
0.00499133
5.97469e-05
0.00228465
0.00824666
0.011412
-0.00167859
0.00054696
-2.51463e-05
4.53658e-05
0.0010928
1.17162e-05
2.59617e-06
-9.38663e-07
1.16137e-05
1.69582e-06
-1.69773e-06
-1.25815e-05
6.08093e-06
1.51057e-06
2.83332e-07
-1.20473e-06
-2.365e-07
-7.18847e-05
-2.41243e-05
-3.05022e-05
-1.30111e-06
-3.85667e-06
-3.29256e-05
0.000124606
6.73145e-06
-8.70704e-07
-4.01023e-06
-2.15483e-07
-4.30972e-06
