7
1
2
2
1
0.0187725
0.999824
-0.154813
-0.175854
0.548
1.582
3
1024
1024
0.0841946
0.00661731
0.00474802
0.00239056
0.00159215
0.00586825
0.0335094
-0.00225274
0.000763195
-0.00093023
0.000122981
0.000725618
-6.84097e-07
5.23133e-07
2.13398e-08
3.95057e-07
2.43469e-07
-1.19978e-07
-3.39705e-07
-4.40971e-07
7.30995e-09
-9.59887e-07
1.33603e-07
1.45623e-08
-1.0227e-05
6.63476e-07
-6.79919e-08
-1.18485e-06
-1.3675e-06
7.42092e-07
6.07145e-06
-1.07916e-06
-7.25694e-08
3.38875e-07
4.98383e-08
9.40025e-08
